0 0.001
1 0.0009
2 0.00081
3 0.000729
4 0.0006561
5 0.00059049
6 0.000531441
7 0.000478297
8 0.000430467
9 0.000387421
10 0.000348678
11 0.000313811
12 0.00028243
13 0.000254187
14 0.000228768
15 0.000205891
16 0.000185302
17 0.000166772
18 0.000150095
19 0.000135085
20 0.000121577
21 0.000109419
22 9.84771e-05
23 8.86294e-05
24 7.97664e-05
25 7.17898e-05
26 6.46108e-05
27 5.81497e-05
28 5.23348e-05
29 4.71013e-05
30 4.23912e-05
31 3.8152e-05
32 3.43368e-05
33 3.09032e-05
34 2.78128e-05
35 2.50316e-05
36 2.25284e-05
37 2.02756e-05
38 1.8248e-05
39 1.64232e-05
40 1.47809e-05
41 1.33028e-05
42 1.19725e-05
43 1.07753e-05
44 9.69774e-06
45 8.72797e-06
46 7.85517e-06
47 7.06965e-06
48 6.36269e-06
49 5.72642e-06
