0 0.0225155
1 0.0164156
2 0.0143605
3 0.0132418
4 0.0123122
5 0.0115393
6 0.010947
7 0.0104938
8 0.0100975
9 0.00980926
10 0.00953233
11 0.0092967
12 0.00908199
13 0.00887849
14 0.0087292
15 0.0085815
16 0.00843975
17 0.00831023
18 0.00821239
19 0.00812419
20 0.008034
21 0.00796094
22 0.00789335
23 0.00782516
24 0.00777152
25 0.00772101
26 0.00767013
27 0.00763417
28 0.00759242
29 0.00756491
30 0.00752834
31 0.0074986
32 0.00747741
33 0.0074582
34 0.00743404
35 0.0074093
36 0.00738901
37 0.00738029
38 0.0073634
39 0.00735257
40 0.00733845
41 0.00733082
42 0.00731495
43 0.00731217
44 0.00730424
45 0.00729737
46 0.00728776
47 0.00728174
48 0.0072742
49 0.00726918
