0 120.09911561012268 1 120.09911561012268
1 122.00666522979736 1 242.10578083992004
2 119.74943995475769 1 361.85522079467773
3 120.45007848739624 1 482.305299282074
4 122.05872559547424 1 604.3640248775482
5 122.09337830543518 1 726.4574031829834
6 119.96960210800171 1 846.4270052909851
7 119.76208519935608 1 966.1890904903412
8 119.74639558792114 1 1085.9354860782623
9 119.75897431373596 1 1205.6944603919983
10 119.9019570350647 1 1325.596417427063
11 119.76743602752686 1 1445.3638534545898
12 119.78123807907104 1 1565.145091533661
13 119.80917453765869 1 1684.9542660713196
14 119.88223648071289 1 1804.8365025520325
15 119.73838782310486 1 1924.5748903751373
16 119.22944211959839 1 2043.8043324947357
17 119.25474238395691 1 2163.0590748786926
18 119.16216039657593 1 2282.2212352752686
19 119.0459988117218 1 2401.2672340869904
20 119.65175557136536 1 2520.9189896583557
21 119.23356866836548 1 2640.152558326721
22 119.2321343421936 1 2759.384692668915
23 119.22357296943665 1 2878.6082656383514
24 119.26443672180176 1 2997.872702360153
25 119.21130228042603 1 3117.084004640579
26 119.2180802822113 1 3236.3020849227905
27 119.23668169975281 1 3355.5387666225433
28 119.25415587425232 1 3474.7929224967957
29 119.58322405815125 1 3594.376146554947
30 120.71793699264526 1 3715.094083547592
31 120.16514420509338 1 3835.2592277526855
32 119.0476565361023 1 3954.306884288788
33 119.51185941696167 1 4073.8187437057495
34 119.41470670700073 1 4193.23345041275
35 119.24364972114563 1 4312.477100133896
36 119.2152361869812 1 4431.692336320877
37 119.20710110664368 1 4550.899437427521
38 119.24406909942627 1 4670.143506526947
39 119.23277306556702 1 4789.376279592514
40 119.22724437713623 1 4908.60352396965
41 119.21542286872864 1 5027.818946838379
42 119.20580577850342 1 5147.024752616882
43 119.21799635887146 1 5266.242748975754
44 119.45685052871704 1 5385.699599504471
45 119.07742762565613 1 5504.777027130127
46 119.08768010139465 1 5623.864707231522
47 119.96178364753723 1 5743.826490879059
48 119.55465316772461 1 5863.381144046783
49 119.05723690986633 1 5982.43838095665
