0 0.0863015
1 0.0209577
2 0.0154292
3 0.0122179
4 0.0107897
5 0.00907174
6 0.00787647
7 0.00717831
8 0.00629743
9 0.00555323
10 0.00506043
11 0.00448992
12 0.0041464
13 0.00348862
14 0.00317272
15 0.00290655
16 0.00264424
17 0.00240865
18 0.00212578
19 0.00197212
20 0.00179687
21 0.00165291
22 0.00147464
23 0.00137861
24 0.00134074
25 0.00127121
26 0.00113597
27 0.00107178
28 0.00103872
29 0.000961791
30 0.000888878
31 0.000885435
32 0.000814753
33 0.000828105
34 0.000735853
35 0.00073189
36 0.000733223
37 0.000714953
38 0.000698307
39 0.000648354
40 0.000656889
41 0.00060774
42 0.000606898
43 0.000613294
44 0.000607622
45 0.000550195
46 0.0005881
47 0.000577111
48 0.000587786
49 0.000538404
