0 0.108817
1 0.0373733
2 0.0297897
3 0.0254597
4 0.0231019
5 0.0206111
6 0.0188235
7 0.0176721
8 0.0163949
9 0.0153625
10 0.0145928
11 0.0137866
12 0.0132284
13 0.0123671
14 0.0119019
15 0.0114881
16 0.011084
17 0.0107189
18 0.0103382
19 0.0100963
20 0.00983087
21 0.00961385
22 0.00936799
23 0.00920376
24 0.00911226
25 0.00899222
26 0.0088061
27 0.00870596
28 0.00863114
29 0.0085267
30 0.00841722
31 0.00838403
32 0.00829216
33 0.0082863
34 0.0081699
35 0.00814119
36 0.00812224
37 0.00809524
38 0.00806171
39 0.00800093
40 0.00799534
41 0.00793856
42 0.00792185
43 0.00792547
44 0.00791186
45 0.00784756
46 0.00787586
47 0.00785885
48 0.00786199
49 0.00780758
