0 0.0887833
1 0.0144667
2 0.0109167
3 0.00873333
4 0.00795
5 0.00645
6 0.00551667
7 0.00526667
8 0.00448333
9 0.00401667
10 0.00363333
11 0.00288333
12 0.00285
13 0.00253333
14 0.0017
15 0.00181667
16 0.00148333
17 0.0014
18 0.00128333
19 0.00123333
20 0.00095
21 0.00105
22 0.000733333
23 0.000783333
24 0.000633333
25 0.000716667
26 0.000566667
27 0.00055
28 0.00055
29 0.000516667
30 0.00055
31 0.00045
32 0.000483333
33 0.0004
34 0.0004
35 0.0004
36 0.000433333
37 0.0004
38 0.000366667
39 0.000333333
40 0.000433333
41 0.000283333
42 0.000333333
43 0.000333333
44 0.000333333
45 0.000266667
46 0.000366667
47 0.000266667
48 0.0003
49 0.000233333
